NAND 175 143 175 
OR 175 143 175 
OR 174 142 174 
NAND 173 141 173 
OR 173 141 173 
NAND 172 140 172 
OR 172 140 172 
NAND 171 139 171 
OR 171 139 171 
OR 201 169 201 
NAND 201 169 201 
NAND 200 168 200 
OR 200 168 200 
NAND 199 167 199 
OR 199 167 199 
NAND 198 166 198 
OR 198 166 198 
NAND 197 165 197 
OR 197 165 197 
NAND 196 164 196 
OR 196 164 196 
NAND 195 163 195 
OR 195 163 195 
NAND 192 160 192 
NAND 181 149 181 
AND 170 138 170 
OR 181 149 181 
NAND 23 24 23 
NAND 22 25 22 
OR 192 160 192 
NAND 26 27 26 
NAND 21 28 21 
NAND 20 29 20 
NAND 19 30 19 
NAND 18 31 18 
NAND 17 32 17 
NAND 16 33 16 
NAND 15 34 15 
NAND 14 35 14 
NAND 13 36 13 
NAND 12 37 12 
NAND 11 38 11 
NAND 10 39 10 
AND 9 40 9 
NAND 8 41 8 
AND 7 42 7 
NAND 6 43 6 
NAND 5 44 5 
NAND 4 45 4 
NAND 3 46 3 
NAND 2 47 2 
NAND 174 142 174 
AND 1 49 1 
NAND 48 50 48 
AND 137 49 137 
AND 137 51 137 
NAND 136 53 136 
OR 136 53 136 
NAND 135 54 135 
NAND 176 144 176 
OR 176 144 176 
AND 56 57 56 
OR 55 58 55 
NAND 177 145 177 
OR 177 145 177 
AND 135 56 135 
NAND 54 61 54 
AND 57 62 57 
NAND 60 63 60 
OR 60 63 60 
NAND 59 64 59 
NAND 178 146 178 
OR 178 146 178 
AND 66 67 66 
OR 65 68 65 
NAND 179 147 179 
OR 179 147 179 
AND 59 66 59 
NAND 64 71 64 
AND 67 72 67 
NAND 70 73 70 
OR 70 73 70 
NAND 69 74 69 
NAND 180 148 180 
OR 180 148 180 
AND 76 77 76 
OR 75 78 75 
NAND 182 150 182 
OR 182 150 182 
NAND 75 77 75 
NAND 76 81 76 
NAND 80 82 80 
OR 80 82 80 
NAND 79 83 79 
NAND 183 151 183 
OR 183 151 183 
AND 85 86 85 
OR 84 87 84 
NAND 184 152 184 
OR 184 152 184 
NAND 84 86 84 
NAND 85 90 85 
NAND 89 91 89 
OR 89 91 89 
NAND 88 92 88 
NAND 185 153 185 
OR 185 153 185 
AND 94 95 94 
OR 93 96 93 
NAND 186 154 186 
OR 186 154 186 
NAND 93 95 93 
NAND 94 99 94 
NAND 98 100 98 
OR 98 100 98 
NAND 97 101 97 
NAND 187 155 187 
OR 187 155 187 
NAND 102 104 102 
OR 102 104 102 
NAND 103 105 103 
NAND 188 156 188 
OR 188 156 188 
NAND 106 108 106 
OR 106 108 106 
NAND 107 109 107 
NAND 189 157 189 
OR 189 157 189 
AND 111 112 111 
OR 110 113 110 
NAND 190 158 190 
OR 190 158 190 
NAND 110 112 110 
NAND 111 116 111 
NAND 115 117 115 
OR 115 117 115 
NAND 114 118 114 
NAND 191 159 191 
OR 191 159 191 
NAND 119 121 119 
OR 119 121 119 
NAND 120 122 120 
NAND 193 161 193 
OR 193 161 193 
NAND 123 125 123 
OR 123 125 123 
NAND 124 126 124 
OR 194 162 194 
OR 127 128 127 
OR 170 138 170 
OR 23 24 23 
OR 26 27 26 
AND 19 20 19 
OR 29 129 29 
OR 18 31 18 
AND 15 16 15 
OR 33 130 33 
OR 14 35 14 
AND 11 12 11 
OR 37 131 37 
OR 10 39 10 
NAND 7 8 7 
OR 41 132 41 
OR 6 43 6 
AND 3 4 3 
OR 45 133 45 
OR 2 47 2 
NAND 1 48 1 
OR 52 134 52 
INPUT 138 139 140 141 142 143 144 145 146 147 148 149 150 151 152 153 154 155 156 157 158 159 160 161 162 163 164 165 166 167 168 169 170 171 172 173 174 175 176 177 178 179 180 181 182 183 184 185 186 187 188 189 190 191 192 193 194 195 196 197 198 199 200 201 -1
OUTPUT  202 203 204 205 206 207 208 209 210 211 212 213 214 215 216 217 218 219 220 221 222 223 224 225 226 227 228 229 230 231 232 233 -1